//Experience tables format:
//Max Level,Class list,Type (0 - Base Exp; 1 - Job Exp),Exp for Lv 1,2,3,4,5,6,7,8,9,10,11,12,13,14,15,16,17,18,19,20,21,22,23,24,25,26,27,28,29,30,31,32,33,34,35,36,37,38,39,40,41,42,43,44,45,46,47,48,49,50,51,52,53,54,55,56,57,58,59,60,61,62,63,64,65,66,67,68,69,70,71,72,73,74,75,76,77,78,79,80,81,82,83,84,85,86,87,88,89,90,91,92,93,94,95,96,97,98
//Note: 3rd class base and job tables are using the official jRO exp tables since they kept the classic tables and added onto them.
//Base - Normal and Baby Jobs
99,0:1:2:3:4:5:6:7:8:9:10:11:12:13:14:15:16:17:18:19:20:21:23:24:25:26:4023:4024:4025:4026:4027:4028:4029:4030:4031:4032:4033:4034:4035:4036:4037:4038:4039:4040:4041:4042:4043:4044:4045:4046:4047:4048:4049:4050:4051:4052,0,9,16,25,36,77,112,153,200,253,320,385,490,585,700,830,970,1120,1260,1420,1620,1860,1990,2240,2504,2950,3426,3934,4474,6889,7995,9174,10425,11748,13967,15775,17678,19677,21773,30543,34212,38065,42102,46323,53026,58419,64041,69892,75973,102468,115254,128692,142784,157528,178184,196300,215198,234879,255341,330188,365914,403224,442116,482590,536948,585191,635278,687211,740988,925400,1473746,1594058,1718928,1848355,1982340,2230113,2386162,2547417,2713878,3206160,3681024,4022472,4377024,4744680,5125440,5767272,6204000,6655464,7121664,7602600,9738720,11649960,13643520,18339300,23836800,35658000,48687000,58135000,99999999
//Base - Adv Jobs
99,4001:4002:4003:4004:4005:4006:4007:4008:4009:4010:4011:4012:4013:4014:4015:4016:4017:4018:4019:4020:4021:4022,0,660,1080,1800,2640,3840,4560,5040,5460,6000,6600,7200,7320,7620,8040,8820,9600,10080,10560,11040,12610,13390,14300,15340,16900,18460,19500,20800,22100,23400,24700,26000,27300,28600,30160,31200,33800,35750,37700,39000,44100,46200,47600,50400,52500,53200,56000,58800,62300,65800,68600,71400,74200,77000,79800,82600,86100,88200,91000,96800,103500,105000,109500,115500,120000,126000,132000,136500,142500,165000,192000,210000,232500,244500,255000,270000,282000,292500,300000,345000,416000,480000,560000,640000,768000,880000,960000,1088000,1200000,1440000,1700000,2040000,2550000,3060000,3570000,4080000,4760000,5610000,6800000
//Base - 3rd Jobs (Normal and Baby)
150,4054:4055:4056:4057:4058:4059:4066:4067:4068:4069:4070:4071:4072:4080:4082:4084:4086:4096:4097:4098:4099:4100:4101:4102:4103:4104:4105:4106:4107:4108:4109:4110:4111:4112,0,550,900,1500,2200,3200,3800,4200,4550,5000,5500,6000,6100,6350,6700,7350,8000,8400,8800,9200,9700,10300,11000,11800,13000,14000,15000,16000,17000,18000,19000,20000,21000,22000,23200,24000,26000,27500,29000,30000,31500,33000,34000,36000,37500,38000,40000,42000,44500,47000,49000,51000,53000,55000,57000,59000,61500,63000,65000,67000,69000,70000,73000,77000,80000,84000,88000,91000,95000,110000,128000,140000,155000,163000,170000,180000,188000,195000,200000,230000,260000,300000,350000,400000,480000,550000,600000,680000,750000,900000,1000000,1200000,1500000,1800000,2100000,2400000,2800000,3300000,4000000,7070000,7400000,7770000,8150000,8550000,9100000,9610000,10150000,10570000,11180000,12000000,12930000,13150000,14030000,14420000,15420000,15420000,15670000,16870000,17140000,18720000,19020000,20590000,20930000,22690000,23310000,25290000,26020000,27860000,28535000,30990000,31680000,33560000,34942000,36372000,38350000,39890000,41545000,43330000,45400000,48100000,50410000,53370000,56250000,59230000,62590000,66120000,70200000,75330000,81100000,95000000
//Base - 3rd Jobs (Adv)
150,4060:4061:4062:4063:4064:4065:4073:4074:4075:4076:4077:4078:4079:4081:4083:4085:4087,0,660,1080,1800,2640,3840,4560,5040,5460,6000,6600,7200,7320,7620,8040,8820,9600,10080,10560,11040,12610,13390,14300,15340,16900,18460,19500,20800,22100,23400,24700,26000,27300,28600,30160,31200,33800,35750,37700,39000,44100,46200,47600,50400,52500,53200,56000,58800,62300,65800,68600,71400,74200,77000,79800,82600,86100,88200,91000,96800,103500,105000,109500,115500,120000,126000,132000,136500,142500,165000,192000,210000,232500,244500,255000,270000,282000,292500,300000,345000,416000,480000,560000,640000,768000,880000,960000,1088000,1200000,1440000,1700000,2040000,2550000,3060000,3570000,4080000,4760000,5610000,6800000,7070000,7400000,7770000,8150000,8550000,9100000,9610000,10150000,10570000,11180000,12000000,12930000,13150000,14030000,14420000,15420000,15420000,15670000,16870000,17140000,18720000,19020000,20590000,20930000,22690000,23310000,25290000,26020000,27860000,28535000,30990000,31680000,33560000,34942000,36372000,38350000,39890000,41545000,43330000,45400000,48100000,50410000,53370000,56250000,59230000,62590000,66120000,70200000,75330000,81100000,95000000
//Job - Novice
10,0:4023,1,10,18,28,40,91,151,205,268,340
//Job - 1st Classes
50,1:2:3:4:5:6:26:4024:4025:4026:4027:4028:4029:4046:4050,1,30,43,58,76,116,180,220,272,336,520,604,699,802,948,1125,1668,1937,2226,3040,3988,5564,6272,7021,9114,11473,15290,16891,18570,23229,28359,36478,39716,43088,52417,62495,78160,84175,90404,107611,125915,153941,191781,204351,248352,286212,386371,409795,482092,509596
//Job - 2nd Classes
50,7:8:9:10:11:12:13:14:15:16:17:18:19:20:21:4030:4031:4032:4033:4034:4035:4036:4037:4038:4039:4040:4041:4042:4043:4044:4049:4051:4052,1,144,184,284,348,603,887,1096,1598,2540,3676,4290,4946,6679,9492,12770,14344,16005,20642,27434,35108,38577,42206,52708,66971,82688,89544,96669,117821,144921,174201,186677,199584,238617,286366,337147,358435,380376,447685,526989,610246,644736,793535,921810,1106758,1260955,1487304,1557657,1990632,2083386
//Job - Super Novice
99,23:4045,1,30,43,58,76,116,180,220,272,336,520,604,699,802,948,1125,1668,1937,2226,3040,3988,5564,6272,7021,9114,11473,15290,16891,18570,23229,28359,36478,39716,43088,52417,62495,78160,84175,90404,107611,125915,153941,191781,204351,248352,286212,386371,409795,482092,509596,982092,992092,1002092,1012092,1022092,1032092,1042092,1052092,1062092,1072092,1082092,1092092,1102092,1112092,1122092,1132092,1142092,1152092,1162092,1172092,1182092,1192092,1202092,1212092,1222092,1232092,1242092,1252092,1262092,1272092,1282092,1292092,1302092,1312092,1322092,1332092,1342092,1352092,1362092,1372092,1382092,1392092,1402092,1412092,1422092,1432092,1442092,1452092,1462092
//Job - Novice High
10,4001,1,11,20,31,44,100,166,226,295,374
//Job - Adv First Classes
50,4002:4003:4004:4005:4006:4007,1,60,86,116,152,232,360,440,544,672,1040,1208,1398,1604,1896,2250,3336,3874,4452,6080,7976,11128,12544,14042,18228,28683,38225,42228,46425,58073,70898,91195,99290,107720,131043,156238,195408,210430,226010,269028,314788,384853,479453,510878,620880,715530,965928,1024488,1205230,1273990
//Job - Adv Second Classes
70,4008:4009:4010:4011:4012:4013:4014:4015:4016:4017:4018:4019:4020:4021:4022,1,288,368,568,696,1206,1774,2192,3196,5080,7352,8580,9892,13358,18984,31925,35860,40013,51605,68585,87770,96443,105515,131770,167428,206720,223860,241673,294553,362303,479053,513362,548856,656197,787507,927154,985696,1046034,1231134,1449220,1678177,1773024,2182221,2534978,3043585,3782865,4461912,4672971,5971896,6250158,6875174,7562691,8318960,9150856,10065942,11877812,14015818,16538655,19515624,23028437,28094693,34275525,41816141,51015692,62239144,79666104,101972614,130524946,167071930,213852071
//Job - Star Gladiator
50,4047:4048,1,27434,27434,27434,27434,27434,27434,27434,27434,27434,27434,27434,27434,27434,27434,27434,27434,27434,27434,54868,70216,77154,84412,105416,133942,165376,179088,193338,235642,289842,348402,373354,399168,477234,572732,674294,716870,760752,895370,1053978,1220492,1289472,1587070,1843620,2213516,2521910,2974608,3115314,3981264,4166772
//Job - Ninja/Gunslinger
70,24:25,1,72,92,142,174,301,443,548,799,1270,1838,2145,2473,3339,4746,6385,7172,8002,10321,13717,17554,19288,21103,26354,33485,41344,44772,48334,58910,72460,87100,93338,99792,119308,143183,231068,257377,274363,314246,371105,431038,476309,588548,665256,801731,916689,1130023,1188623,1477408,1551289,1746582,1845236,1954741,2124555,2345698,2548763,2759555,3021488,3254111,3489547,3695474,4012251,4181112,4302211,4496584,4578951,4869523,5022114,5123654,5395117
//Job - 3rd Jobs
50,4054:4055:4056:4057:4058:4059:4060:4061:4062:4063:4064:4065:4066:4067:4068:4069:4070:4071:4072:4073:4074:4075:4076:4077:4078:4079:4080:4081:4082:4083:4084:4085:4086:4087:4096:4097:4098:4099:4100:4101:4102:4103:4104:4105:4106:4107:4108:4109:4110:4111:4112,1,100000,160000,232000,318400,413440,498976,593066,696564,903561,1069159,1267876,1506337,1792490,2221719,2565102,2977162,3471634,4065001,5251734,6201120,7340384,8707500,10348040,12808849,14777497,17139874,19974727,23376550,30180196,39705300,53992957,75424442,107571670,200798630,247412110,303348286,370471698,451019791,547677504,596006360,646751659,700034223,755980915,814724942,832348150,850852518,870282105,890683171,899999999

// Tabela Experimental de Experiência - 3rd [Takyia Genji]
// Formato da Tabela de Experiência:
// Level Máximo, Classe, Tipo (0 - Exp Base / 1 - Exp Job), Exp 1,2,3,...
// Aguardando maiores soluções...

//Base - Extended Super Novice / Extended Super Baby
99,4190:4191,0,9,16,25,36,77,112,153,200,253,320,385,490,585,700,830,970,1120,1260,1420,1620,1860,1990,2240,2504,2950,3426,3934,4474,6889,7995,9174,10425,11748,13967,15775,17678,19677,21773,30543,34212,38065,42102,46323,53026,58419,64041,69892,75973,102468,115254,128692,142784,157528,178184,196300,215198,234879,255341,330188,365914,403224,442116,482590,536948,585191,635278,687211,740988,925400,1473746,1594058,1718928,1848355,1982340,2230113,2386162,2547417,2713878,3206160,3681024,4022472,4377024,4744680,5125440,5767272,6204000,6655464,7121664,7602600,8109652,8643822,9206127,9797599,10419283,11072238,11757533,12476249,13229476,14018313,14843866,15707247,16609574,17551968,18535552,19561452,20630792,21744696,22904284,24110674,25364977,26668297,28021732,29426368,30883282,32393539,33958189,35578269,37254799,38988782,40781202,42633023,44545189,46518620,48554214,50652844,52815357,55042573,57335285,59694256,62120220,64613880,67175907,69806941,72507587,75278418,78119970,81032746,84017211,87073795,90202891,93404853,96680000,100028610,103450924,106947144,110517434,114161918,117880680,121673767,125541185,129482901,133498844,137588903,141752928,145990732,150302088,154686733,159144364,163674642,168277191,172951600,177697420,182514167,187401324,192358338,197384623,202479560,207642499,212872757,218169621,223532347,228960163,234452268,240007834,245626005,251305900,257046613,262847212,268706744,274624232,280598679,286629065,292714352,298853483,305045382,311288957,317583099,323926685,330318577,336757623,343242660,349772512,356345994,362961909,369619053,376316214,383052171,389825698,396635564,403480532,410359362,417270811,424213634,431186584,438188413,445217874,452273720,459354706,466459588,473587127,480736086,487905232,495093338,502299181,509521545,516759221,524011006,531275705,538552132,545839109,553135467,560440047,567751700,575069288,582391684,589717771,597046446,604376616,611707202,619037136,626365365,633690848,641012559,648329484,655640625,662944998,670241632,677529573,684807881,692075631,699331913,706575834,713806514,721023091,728224718,735410563,742579811,749731663,756865335,763980061,771075089,778149684,785203127,792234715,799243761,806229595,813191563,820129025,827041359,833927958,840788232,847621604,854427516,861205423,867954796,874675123,881365905,888026659,894656917,901256227,907824150,914360262,920864154,927335431,933773713,940178632,946549836,952886985,959189754,965457830,971690914,977888720,984050975,990177418,996267800,1002321886,1008339452,1014320285,1020264186,1026170966,1032040448,1037872466,1043666865,1049423500,1055142238,1060822955,1066465539,1072069886,1077635904,1083163509,1088652627,1094103193,1099515152,1104888457,1110223070,1115518962,1120776112,1125994507,1131174143,1136315022,1141417155,1146480560,1151505263,1156491296,1161438699,1166347518,1171217806,1176049622,1180843032,1185598108,1190314928,1194993575,1199634138,1204236712,1208801396,1213328296,1217817522,1222269189,1226683417,1231060330,1235400057,1239702732,1243968491,1248197476,1252389832,1256545708,1260665257,1264748635,1268796001,1272807518,1276783353,1280723674,1284628654,1288498467,1292333290,1296133304,1299898691,1303629636,1307326326,1310988950,1314617700,1318212769,1321774352,1325302646,1328797850,1332260164,1335689790,1339086931,1342451791,1345784576,1349085494,1352354752,1355592559,1358799125,1361974661,1365119379,1368233491,1371317210,1374370750,1377394325,1380388150,1383352439,1386287408,1389193273,1392070249,1394918553,1397738400,1400530007,1403293591,1406029367,1408737552,1411418361,1414072010,1416698715,1419298692,1421872155,1424419319,1426940398,1429435606,1431905157,1434349263,1436768137,1439161990,1441531034,1443875479,1446195535,1448491412,1450763318,1453011460,1455236046,1457437282,1459615373,1461770523,1463902937,1466012816,1468100363,1470165779,1472209264,1474231016,1476231234,1478210114,1480167853,1482104645,1484020685,1485916165,1487791277,1489646211,1491481157,1493296304,1495091838,1496867946,1498624813,1500362623,1502081558,1503781800,1505463529,1507126924,1508772163,1510399423,1512008880,1513600707,1515175078,1516732165,1518272138,1519795167,1521301420,1522791064,1524264265,1525721187,1527161994,1528586847,1529995908,1531389336,1532767289,1534129924,1535477397,1536809863,1538127475,1539430385,1540718744,1541992701,1543252405,1544498003,1545729641,1546947464,1548151616,1549342238,1550519472,1551683458,1552834334,1553972238,1555097306,1556209673,1557309473,1558396839,1559471902,1560534793,1561585640,1562624572,1563651716,1564667197,1565671140,1566663668,1567644904,1568614969,1569573982,1570522063,1571459329,1572385897,1573301883,1574207401,1575102565,1575987487,1576862278,1577727048,1578581907,1579426962,1580262321,1581088090,1581904373,1582711275,1583508898,1584297344,1585076715,1585847110,1586608628,1587361366,1588105422,1588840892,1589567871,1590286453,1590996731,1591698797,1592392743,1593078658,1593756633,1594426755,1595089112,1595743791,1596390878,1597030458,1597662614,1598287430,1598904988,1599515370,1600118656,1600714926,1601304259,1601886733,1602462426,1603031414,1603593772,1604149576,1604698899,1605241815,1605778396,1606308715,1606832842,1607350847,1607862800,1608368770,1608868825,1609363032,1609851457,1610334167,1610811226,1611282699,1611748650,1612209142,1612664237,1613113997,1613558483,1613997756,1614431875,1614860899,1615284887,1615703896,1616117984,1616527207,1616931621,1617331282,1617726244,1618116561,1618502287,1618883474,1619260175,1619632442,1620000326,1620363877,1620723146,1621078182,1621429033,1621775749,1622118377,1622456965,1622791559,1623122206,1623448951,1623771840,1624090917,1624406227,1624717813,1625025719,1625329987,1625630660,1625927779,1626221386,1626511522,1626798227,1627081541,1627361504,1627638155,1627911532,1628181674,1628448618,1628712402,1628973062,1629230635,1629485157,1629736664,1629985191,1630230773,1630473445,1630713240,1630950192,1631184334,1631415700,1631644322,1631870232,1632093461,1632314042,1632532005,1632747381,1632960200,1633170493,1633378289,1633583617,1633786507,1633986987,1634185085,1634380829,1634574248,1634765368,1634954216,1635140820,1635325205,1635507398,1635687425,1635865311,1636041081,1636214761,1636386375,1636555947,1636723501,1636889061,1637052651,1637214294,1637374013,1637531831,1637687770,1637841852,1637994099,1638144533,1638293176,1638440048,1638585171,1638728565,1638870250,1639010247,1639148576,1639285256,1639420307,1639553749,1639685600,1639815879,1639944605,1640071796,1640197471,1640321647,1640444342,1640565574,1640685360,1640803717,1640920662,1641036212,1641150383,1641263192,1641374655,1641484788,1641593607,1641701127,1641807363,1641912331,1642016046,1642118523,1642219777,1642319822,1642418672,1642516342,1642612846,1642708197,1642802409,1642895496,1642987471,1643078348,1643168139,1643256857,1643344515,1643431126,1643516702,1643601256,1643684799,1643767344,1643848902,1643929486,1644009107,1644087776,1644165505,1644242304,1644318185,1644393159,1644467237,1644540429,1644612746,1644684198,1644754796,1644824550,1644893470,1644961565,1645028846,1645095322,1645161003,1645225899,1645290018,1645353370,1645415965,1645477811,1645538917,1645599292,1645658945,1645717884,1645776118,1645833655,1645890503,1645946671,1646002167,1646056999,1646111175,1646164702,1646217589,1646269843,1646321471,1646372481,1646422881,1646472677,1646521877,1646570488,1646618517,1646665972,1646712858,1646759183,1646804953,1646850175,1646894856,1646939002,1646982619,1647025714,1647068293,1647110362,1647151927,1647192995,1647233571,1647273661,1647313271,1647352406,1647391073,1647429277,1647467023,1647504317,1647541164,1647577570,1647613540,1647649079,1647684192,1647718884,1647753161,1647787027,1647820488,1647853548,1647886212,1647918484,1647950370,1647981874,1648013000,1648043753,1648074138,1648104159,1648133820,1648163126,1648192080,1648220687,1648248952,1648276878,1648304469,1648331730,1648358664,1648385275,1648411567,1648437544,1648463210,1648488568,1648513622,1648538376,1648562833,1648586997,1648610872,1648634460,1648657766,1648680792,1648703542,1648726020,1648748228,1648770170,1648791849,1648813268,1648834430,1648855339,1648875997,1648896407,1648916573,1648936497,1648956182,1648975631,1648994847,1649013832,1649032590,1649051123,1649069434,1649087525,1649105399,1649123059,1649140507,1649157746,1649174778,1649191606,1649208232,1649224659,1649240889,1649256924,1649272767,1649288420,1649303885,1649319165,1649334262,1649349178,1649363915,1649378475,1649392861,1649407074,1649421117,1649434991,1649448699,1649462242,1649475623,1649488844,1649501906,1649514811,1649527562,1649540160,1649552607,1649564904,1649577054,1649589058,1649600918,1649612636,1649624213,1649635652,1649646953,1649658119,1649669151,1649680051,1649690820,1649701460,1649711972,1649722358,1649732619,1649742757,1649752774,1649762671,1649772449,1649782110,1649791655,1649801085,1649810402,1649819607,1649828702,1649837688,1649846566,1649855338,1649864004,1649872566,1649881026,1649889384,1649897642,1649905801,1649913862,1649921826,1649929695,1649937469,1649945150,1649952739,1649960237,1649967645,1649974964,1649982195,1649989340,1649996399,1650003373,1650010263,1650017071,1650023797,1650030442,1650037008,1650043495,1650049904,1650056236,1650062492,1650068673,1650074780,1650080814,1650086775,1650092665,1650098484,1650104233,1650109913,1650115525,1650121070,1650126548,1650131961,1650137309,1650142593,1650147813,1650152971,1650158067,1650163102,1650168076,1650172990,1650177845,1650182642,1650187382,1650192065,1650196692,1650201263,1650205779,1650210241,1650214650,1650219006,1650223309,1650227561,1650231762,1650235912,1650240012,1650244063,1650248066,1650252021,1650255928,1650259788,1650263602,1650267370,1650271093,1650274771,1650278405,1650281996,1650285544,1650289049,1650292512,1650295933,1650299313,1650302653,1650305953,1650309213,1650312434,1650315616,1650318760,1650321866,1650324935,1650327967,1650330963,1650333923,1650336847,1650339736,1650342591,1650345411,1650348198,1650350951,1650353671,1650356358,1650359013,1650361636,1650364228,1650366789,1650369319,1650371819,1650374289,1650376729,1650379140,1650381522,1650383875,1650386200,1650388497,1650390766,1650393008,1650395223,1650397412,1650399574,1650401711,1650403822,1650405908,1650407969,1650410005,1650412016,1650414003,1650415966,1650417906,1650419823,1650421717,1650423588,1650425436,1650427262,1650429066

//Job - Extended Super Novice / Extended Super Baby
50,4190:4191,1,30,43,58,76,116,180,220,272,336,520,604,699,802,948,1125,1668,1937,2226,3040,3988,5564,6272,7021,9114,11473,15290,16891,18570,23229,28359,36478,39716,43088,52417,62495,78160,84175,90404,107611,125915,153941,191781,204351,248352,286212,328955,377083,431132,491676,559324,634723,718557,811549,914458,1028082,1153255,1290848,1441766,1606949,1787369,1984031,2197968,2430240,2681934,2954159,3248044,3564736,3905397,4271200,4663326,5082962,5531297,6009517,6518804,7060331,7635258,8244729,8889869,9571780,10291536,11050182,11848729,12688151,13569383,14493317,15460800,16472628,17529549,18632256,19781387,20977523,22221186,23512836,24852871,26241627,27679375,29166322,30702608,32288308,33923432,35607923,37341659,39124453,40956055,42836150,44764361,46740250,48763319,50833011,52948714,55109760,57315427,59564942,61857484,64192184,66568128,68984360,71439882,73933660,76464624,79031670,81633664,84269444,86937821,89637583,92367498,95126314,97912764,100725566,103563428,106425047,109309113,112214313,115139328,118082841,121043535,124020096,127011214,130015587,133031921,136058931,139095344,142139901,145191355,148248476,151310051,154374884,157441798,160509638,163577267,166643572,169707462,172767868,175823747,178874080,181917872,184954154,187981983,191000442,194008641,197005716,199990830,202963174,205921964,208866445,211795888,214709591,217606880,220487106,223349647,226193908,229019320,231825340,234611449,237377155,240121991,242845513,245547302,248226962,250884122,253518432,256129566,258717218,261281106,263820967,266336559,268827661,271294071,273735605,276152100,278543408,280909401,283249967,285565011,287854454,290118232,292356296,294568612,296755160,298915934,301050940,303160198,305243739,307301606,309333854,311340547,313321762,315277584,317208107,319113436,320993684,322848972,324679429,326485191,328266402,330023212,331755778,333464263,335148836,336809671,338446947,340060848,341651562,343219283,344764207,346286534,347786469,349264218,350719990,352153998,353566457,354957584,356327598,357676720,359005172,360313177,361600961,362868749,364116768,365345245,366554409,367744487,368915708,370068300,371202492,372318512,373416587,374496946,375559815,376605421,377633989,378645744,379640909,380619707,381582360,382529088,383460111,384375646,385275910,386161118,387031483,387887217,388728531,389555633,390368730,391168027,391953728,392726034,393485145,394231258,394964570,395685274,396393563,397089626,397773652,398445826,399106332,399755353,400393068,401019655,401635289,402240145,402834393,403418204,403991744,404555179,405108673,405652386,406186478,406711105,407226423,407732584,408229739,408718037,409197625,409668648,410131248,410585566,411031741,411469910,411900208,412322767,412737719,413145193,413545315,413938212,414324006,414702820,415074773,415439983,415798566,416150637,416496308,416835690,417168893,417496024,417817188,418132490,418442033,418745917,419044242,419337105,419624602,419906829,420183878,420455840,420722806,420984864,421242102,421494605,421742458,421985743,422224542,422458935,422689001,422914818,423136461,423354006,423567526,423777094,423982781,424184657,424382791,424577250,424768101,424955409,425139238,425319652,425496712,425670480,425841015,426008376,426172621,426333807,426491990,426647225,426799565,426949063,427095772,427239742,427381024,427519667,427655720,427789230,427920243,428048806,428174964,428298761,428420241,428539446,428656418,428771199,428883829,428994348,429102794,429209207,429313623,429416080,429516614,429615261,429712056,429807033,429900226,429991668,430081391,430169428,430255809,430340566,430423729,430505327,430585390,430663946,430741024,430816650,430890852,430963657,431035091,431105179,431173946,431241417,431307617,431372569,431436296,431498821,431560167,431620356,431679410,431737350,431794196,431849969,431904690,431958378,432011052,432062732,432113436,432163182,432211988,432259872,432306852,432352944,432398165,432442532,432486060,432528765,432570663,432611769,432652098,432691664,432730482,432768566,432805929,432842585,432878548,432913831,432948446,432982406,433015723,433048410,433080478,433111939,433142805,433173086,433202794,433231939,433260533,433288585,433316106,433343106,433369594,433395581,433421075,433446086,433470624,433494697,433518314,433541483,433564213,433586512,433608389,433629851,433650906,433671562,433691827,433711708,433731212,433750346,433769117,433787533,433805599,433823323,433840711,433857769,433874504,433890921,433907027,433922828,433938329,433953536,433968454,433983089,433997447,434011533,434025351,434038907,434052206,434065253,434078052,434090608,434102926,434115010,434126865,434138495,434149905,434161098,434172079,434182851,434193419,434203786,434213957,434223935,434233723,434243325,434252745,434261986,434271052,434279946,434288671,434297230,434305627,434313865,434321946,434329874,434337651,434345281,434352766,434360109,434367312,434374379,434381311,434388112,434394784,434401329,434407750,434414049,434420228,434426290,434432237,434438071,434443794,434449408,434454916,434460319,434465620,434470820,434475921,434480925,434485834,434490650,434495375,434500010,434504557,434509017,434513393,434517686,434521897,434526028,434530081,434534057,434537957,434541783,434545536,434549218,434552830,434556374,434559850,434563260,434566605,434569887,434573107,434576265,434579363,434582403,434585385,434588310,434591180,434593995,434596757,434599466,434602124,434604731,434607289,434609798,434612259,434614674,434617043,434619367,434621647,434623883,434626077,434628229,434630340,434632411,434634443,434636436,434638391,434640309,434642191,434644037,434645848,434647624,434649367,434651077,434652754,434654399,434656013,434657596,434659149,434660673,434662168,434663634,434665072,434666483,434667867,434669225,434670557,434671864,434673146,434674404,434675638,434676848,434678035,434679200,434680343,434681464,434682564,434683643,434684701,434685739,434686757,434687756,434688736,434689697,434690640,434691565,434692473,434693363,434694236,434695093,434695934,434696759,434697568,434698362,434699140,434699904,434700653,434701388,434702109,434702816,434703510,434704191,434704859,434705514,434706156,434706786,434707404,434708011,434708606,434709190,434709763,434710325,434710876,434711417,434711947,434712467,434712977,434713478,434713969,434714451,434714924,434715388,434715843,434716289,434716727,434717156,434717577,434717990,434718395,434718793,434719183,434719566,434719941,434720309,434720670,434721024,434721372,434721713,434722047,434722375,434722697,434723013,434723323,434723627,434723925,434724217,434724504,434724785,434725061,434725332,434725598,434725859,434726115,434726366,434726612,434726853,434727090,434727322,434727550,434727773,434727992,434728207,434728418,434728625,434728828,434729027,434729222,434729414,434729602,434729786,434729967,434730144,434730318,434730489,434730656,434730820,434730981,434731139,434731294,434731446,434731595,434731741,434731885,434732026,434732164,434732299,434732432,434732562,434732690,434732815,434732938,434733059,434733177,434733293,434733407,434733519,434733629,434733737,434733842,434733945,434734046,434734146,434734244,434734340,434734434,434734526,434734616,434734705,434734792,434734877,434734961,434735043,434735123,434735202,434735279,434735355,434735430,434735503,434735575,434735645,434735714,434735782,434735848,434735913,434735977,434736040,434736101,434736161,434736220,434736278,434736335,434736391,434736446,434736500,434736553,434736605,434736656,434736706,434736755,434736803,434736850,434736896,434736941,434736985,434737028,434737071,434737113,434737154,434737194,434737233,434737272,434737310,434737347,434737383,434737419,434737454,434737488,434737522,434737555,434737587,434737619,434737650,434737681,434737711,434737740,434737769,434737797,434737825,434737852,434737879,434737905,434737931,434737956,434737981,434738005,434738029,434738052,434738075,434738097,434738119,434738140,434738161,434738182,434738202,434738222,434738241,434738260,434738279,434738297,434738315,434738333,434738350,434738367,434738384,434738400,434738416,434738432,434738447,434738462,434738477,434738491,434738505,434738519,434738533,434738546,434738559,434738572,434738585,434738597,434738609,434738621,434738633,434738644,434738655,434738666,434738677,434738688,434738698,434738708,434738718,434738728,434738738,434738747,434738756,434738765,434738774,434738783,434738791,434738799,434738807,434738815,434738823,434738831,434738838,434738845,434738852,434738859,434738866,434738873,434738880,434738886,434738892,434738898,434738904,434738910,434738916,434738922,434738928,434738933,434738938,434738943,434738948,434738953,434738958,434738963,434738968,434738973,434738978,434738982,434738986,434738990,434738994,434738998,434739002,434739006,434739010,434739014,434739018,434739022,434739025,434739028,434739031,434739034,434739037,434739040,434739043,434739046,434739049,434739052,434739055,434739058,434739061,434739064,434739067,434739069,434739071,434739073,434739075,434739077,434739079,434739081,434739083,434739085,434739087,434739089,434739091,434739093,434739095,434739097,434739099,434739101,434739103,434739105,434739107,434739109,434739110,434739111,434739112,434739113,434739114,434739115,434739116,434739117,434739118,434739119,434739120,434739121,434739122,434739123,434739124,434739125,434739126,434739127,434739128,434739129,434739130,434739131,434739132,434739133,434739134,434739135,434739136,434739137,434739138,434739139,434739140,434739141,434739142,434739143,434739144,434739145,434739146,434739146,434739146,434739146,434739146,434739146,434739146,434739146,434739146,434739146,434739146,434739146,434739146,434739146,434739146,434739146,434739146,434739146,434739146,434739146,434739146
